[creme96]
user=vedant_fno
password=Vedant1993!
folder_name=Experiment

[mission_parameters]
TLE_Line1=1 25544U 98067A   12035.27140256  .00008132  00000-0  10934-3 0  9453
TLE_Line2=2 25544 051.6417 073.7902 0020652 004.6179 085.0245 15.58669131757138
Time=2013-09-23T13:43:23



[simulation_preferences]
Orbit_Sections= 4
Simulation_Duration= 10
Number_of_L-shell_parameters=5
COM_port=COM17

[FPGA_Parameters]
Total_memory_used=18
shilding_thickness=10
X=10
Y=10
Z=2
Wiebull_onset=1.2
Wiebull_width=30
Wiebull_exponent=0.5
Wiebull_LimitingXS=8